const PROGMEM bool Letter[27][8][8] = {
/*0_A*/{{0,0,0,1,1,0,0,0},{0,0,1,0,0,1,0,0},{0,1,0,0,0,0,1,0},{0,1,0,0,0,0,1,0},{0,1,1,1,1,1,1,0},{0,1,0,0,0,0,1,0},{0,1,0,0,0,0,1,0},{1,1,1,0,0,1,1,1}},
/*1_B*/{{1,1,1,1,1,1,0,0},{0,1,0,0,0,0,1,0},{0,1,0,0,0,1,0,0},{0,1,1,1,1,1,1,0},{0,1,0,0,0,0,0,1},{0,1,0,0,0,0,0,1},{0,1,0,0,0,0,0,1},{1,1,1,1,1,1,1,0}},
/*2_C*/{{0,0,1,1,1,1,0,1},{0,1,0,0,0,0,1,1},{1,0,0,0,0,0,0,1},{1,0,0,0,0,0,0,0},{1,0,0,0,0,0,0,0},{1,0,0,0,0,0,0,1},{0,1,0,0,0,0,1,1},{0,0,1,1,1,1,0,1}},
/*3_D*/{{1,1,1,1,1,1,0,0},{0,1,0,0,0,0,1,0},{0,1,0,0,0,0,0,1},{0,1,0,0,0,0,0,1},{0,1,0,0,0,0,0,1},{0,1,0,0,0,0,0,1},{0,1,0,0,0,0,1,0},{1,1,1,1,1,1,0,0}},
/*4_E*/{{1,1,1,1,1,1,1,1},{0,1,0,0,0,0,0,1},{0,1,0,0,0,0,0,0},{0,1,1,1,0,0,0,0},{0,1,0,0,0,0,0,0},{0,1,0,0,0,0,0,0},{0,1,0,0,0,0,0,1},{1,1,1,1,1,1,1,1}},
/*5_F*/{{1,1,1,1,1,1,1,1},{0,1,0,0,0,0,0,1},{0,1,0,0,0,0,0,1},{0,1,0,0,1,0,0,0},{0,1,1,1,1,0,0,0},{0,1,0,0,1,0,0,0},{0,1,0,0,0,0,0,0},{1,1,1,0,0,0,0,0}},
/*6_G*/{{0,0,1,1,1,1,1,1},{0,1,0,0,0,0,0,1},{1,0,0,0,0,0,0,0},{1,0,0,1,1,1,1,1},{1,0,0,1,0,0,0,1},{1,0,0,0,0,0,0,1},{0,1,0,0,0,0,0,1},{0,0,1,1,1,1,1,0}},
/*7_H*/{{1,1,1,0,0,1,1,1},{0,1,0,0,0,0,1,0},{0,1,0,0,0,0,1,0},{0,1,1,1,1,1,1,0},{0,1,0,0,0,0,1,0},{0,1,0,0,0,0,1,0},{0,1,0,0,0,0,1,0},{1,1,1,0,0,1,1,1}},
/*8_I*/{{1,1,1,1,1,1,1,1},{0,0,0,1,1,0,0,0},{0,0,0,1,1,0,0,0},{0,0,0,1,1,0,0,0},{0,0,0,1,1,0,0,0},{0,0,0,1,1,0,0,0},{0,0,0,1,1,0,0,0},{1,1,1,1,1,1,1,1}},
/*9_J*/{{0,0,1,1,1,1,1,1},{0,0,0,0,0,1,0,0},{0,0,0,0,0,1,0,0},{0,0,0,0,0,1,0,0},{1,1,0,0,0,1,0,0},{1,0,0,0,0,1,0,0},{1,0,0,0,0,1,0,0},{0,1,1,1,1,0,0,0}},
/*10_K*/{{1,1,1,0,1,1,1,1},{0,1,0,0,0,1,0,0},{0,1,0,0,1,0,0,0},{0,1,1,1,0,0,0,0},{0,1,0,0,1,0,0,0},{0,1,0,0,0,1,0,0},{0,1,0,0,0,0,1,0},{1,1,1,0,0,1,1,1}},
/*11_L*/{{1,1,1,0,0,0,0,0},{0,1,0,0,0,0,0,0},{0,1,0,0,0,0,0,0},{0,1,0,0,0,0,0,0},{0,1,0,0,0,0,0,0},{0,1,0,0,0,0,0,1},{0,1,0,0,0,0,0,1},{1,1,1,1,1,1,1,1}},
/*12_M*/{{1,1,0,0,0,1,1,1},{0,1,1,0,1,0,1,0},{0,1,0,1,0,0,1,0},{0,1,0,1,0,0,1,0},{0,1,0,0,0,0,1,0},{0,1,0,0,0,0,1,0},{0,1,0,0,0,0,1,0},{1,1,1,0,0,1,1,1}},
/*13_N*/{{1,1,0,0,0,1,1,1},{0,1,1,0,0,0,1,0},{0,1,0,1,0,0,1,0},{0,1,0,0,1,0,1,0},{0,1,0,0,0,1,1,0},{0,1,0,0,0,0,1,0},{0,1,0,0,0,0,1,0},{1,1,1,0,0,1,1,1}},
/*14_O*/{{0,0,1,1,1,1,0,0},{0,1,0,0,0,0,1,0},{1,0,0,0,0,0,0,1},{1,0,0,0,0,0,0,1},{1,0,0,0,0,0,0,1},{1,0,0,0,0,0,0,1},{0,1,0,0,0,0,1,0},{0,0,1,1,1,1,0,0}},
/*15_P*/{{1,1,1,1,1,1,1,0},{0,1,0,0,0,0,0,1},{0,1,0,0,0,0,0,1},{0,1,0,0,0,0,0,1},{0,1,1,1,1,1,1,0},{0,1,0,0,0,0,0,0},{0,1,0,0,0,0,0,0},{1,1,1,0,0,0,0,0}},
/*16_Q*/{{0,1,1,1,1,1,1,0},{1,0,0,0,0,0,0,1},{1,0,0,0,0,0,0,1},{1,0,0,0,0,0,0,1},{1,0,0,0,0,0,0,1},{1,0,0,1,0,0,0,1},{0,1,1,1,1,1,1,0},{0,0,0,1,0,0,0,0}},
/*17_R*/{{1,1,1,1,1,1,1,0},{0,1,0,0,0,0,0,1},{0,1,0,0,0,0,0,1},{0,1,0,0,0,0,0,1},{0,1,1,1,1,1,1,0},{0,1,0,0,0,1,0,0},{0,1,0,0,0,0,1,0},{1,1,1,0,0,1,1,1}},
/*18_S*/{{0,1,1,1,1,1,0,1},{1,0,0,0,0,0,1,1},{1,0,0,0,0,0,0,1},{0,1,1,1,1,1,0,0},{0,0,0,0,0,0,1,0},{1,0,0,0,0,0,0,1},{1,1,0,0,0,0,0,1},{1,0,1,1,1,1,1,0}},
/*19_T*/{{1,1,1,1,1,1,1,1},{1,0,0,0,1,0,0,1},{0,0,0,0,1,0,0,0},{0,0,0,0,1,0,0,0},{0,0,0,0,1,0,0,0},{0,0,0,0,1,0,0,0},{0,0,0,0,1,0,0,0},{0,0,0,1,1,1,0,0}},
/*20_U*/{{1,1,1,0,0,1,1,1},{0,1,0,0,0,0,1,0},{0,1,0,0,0,0,1,0},{0,1,0,0,0,0,1,0},{0,1,0,0,0,0,1,0},{0,1,0,0,0,0,1,0},{0,1,0,0,0,0,1,0},{0,0,1,1,1,1,0,0}},
/*21_V*/{{1,1,1,0,0,1,1,1},{0,1,0,0,0,0,1,0},{0,1,0,0,0,0,1,0},{0,1,0,0,0,0,1,0},{0,0,1,0,0,0,1,0},{0,0,1,0,0,1,0,0},{0,0,0,1,0,1,0,0},{0,0,0,0,1,0,0,0}},
/*22_W*/{{1,1,1,0,0,1,1,1},{0,1,0,0,0,0,1,0},{0,1,0,0,0,0,1,0},{0,1,0,0,0,0,1,0},{0,1,0,1,0,0,1,0},{0,1,0,1,0,0,1,0},{0,1,0,1,0,0,1,0},{0,0,1,0,1,1,0,0}},
/*23_X*/{{1,1,1,0,0,1,1,1},{0,1,0,0,0,0,1,0},{0,0,1,0,0,1,0,0},{0,0,0,1,1,0,0,0},{0,0,1,0,0,1,0,0},{0,0,1,0,0,1,0,0},{0,1,0,0,0,0,1,0},{1,1,1,0,0,1,1,1}},
/*24_Y*/{{1,1,1,0,0,1,1,1},{0,1,0,0,0,0,1,0},{0,0,1,0,0,1,0,0},{0,0,0,1,0,1,0,0},{0,0,0,0,1,0,0,0},{0,0,0,0,1,0,0,0},{0,0,0,0,1,0,0,0},{0,0,0,1,1,1,0,0}},
/*25_Z*/{{1,1,1,1,1,1,1,1},{1,0,0,0,0,0,1,0},{1,0,0,0,0,1,0,0},{0,0,0,0,1,0,0,0},{0,0,0,1,0,0,0,0},{0,0,1,0,0,0,0,1},{0,1,0,0,0,0,0,1},{1,1,1,1,1,1,1,1}},
/*26_ */{{0,0,0,0,0,0,0,0},{0,0,0,0,0,0,0,0},{0,0,0,0,0,0,0,0},{0,0,0,0,0,0,0,0},{0,0,0,0,0,0,0,0},{0,0,0,0,0,0,0,0},{1,0,0,0,0,0,0,1},{1,1,1,1,1,1,1,1}}
};